A = 
 [[75 75  7 21 15 98 88 90 71 74]      
 [12 40 90 95 17 60 26 90  7 52]       
 [79 49 21 37 88 76 13 88 77 26]       
 [65 13 54 41 85 32 40 76 40 65]       
 [91 69  8  7 55 65 61  9 32 57]       
 [49 95 79 73 72 25 55 36 41 46]       
 [15 46 93 44 69 15 52 15 97 25]       
 [43 72 40 90 14 76  9  3 29 57]       
 [31 49 23 73 83 18 19  3 35  9]       
 [93 10 57 88 86 94 39 84  5 15]]      

B =
 [[11 11 12  4 16  8  5 10 15 18]      
 [ 6  8 12  9  7 12  4 12 20  9]]      

C =
 [[16  1]
 [13  2]
 [ 8 11]
 [10 15]
 [15 17]
 [ 1 15]
 [19 10]
 [18 18]
 [ 7 18]
 [17  9]]

--- --- --- --- --- --- --- --- --- ---


a). A + A.T + C@B + (B.T)@(C.T) =
 [[ 514  426  444  359  636  388  456  611  547  705]
 [ 426  398  495  408  609  414  434  658  512  573]
 [ 444  495  498  522  685  543  538  772  740  638]
 [ 359  408  522  432  570  504  360  680  753  617]
 [ 636  609  685  570  828  582  647  791  918  901]
 [ 388  414  543  504  582  426  407  662  646  537]
 [ 456  434  538  360  647  407  374  496  708  617]
 [ 611  658  772  680  791  662  496  798  948  905]
 [ 547  512  740  753  918  646  708  948 1000  737]
 [ 705  573  638  617  901  537  617  905  737  804]]

b). A/10 + (A/11)**2 + (A/12)**3 + ... + (A/18)**9 + (A/19)**10 =
 [[2.49265661e+13 2.34635297e+13 2.06168094e+13 2.47248977e+13
  2.52427406e+13 2.50717413e+13 1.83693811e+13 2.22839347e+13
  1.89003096e+13 1.98157677e+13]
 [2.04341535e+13 1.92347904e+13 1.69011146e+13 2.02688231e+13
  2.06933433e+13 2.05531605e+13 1.50587371e+13 1.82677857e+13
  1.54939796e+13 1.62444504e+13]
 [2.22148856e+13 2.09110077e+13 1.83739664e+13 2.20351505e+13
  2.24966586e+13 2.23442668e+13 1.63710371e+13 1.98597335e+13
  1.68442006e+13 1.76600747e+13]
 [2.09255547e+13 1.96973506e+13 1.73075511e+13 2.07562460e+13
  2.11909718e+13 2.10474246e+13 1.54208748e+13 1.87070889e+13
  1.58665756e+13 1.66350991e+13]
 [1.91214992e+13 1.79991848e+13 1.58154234e+13 1.89667932e+13
  1.93640357e+13 1.92328651e+13 1.40913983e+13 1.70942993e+13
  1.44986737e+13 1.52009386e+13]
 [2.32588147e+13 2.18936624e+13 1.92373978e+13 2.30706315e+13
  2.35538308e+13 2.33942739e+13 1.71403456e+13 2.07929862e+13
  1.76357484e+13 1.84899604e+13]
 [1.80735497e+13 1.70127399e+13 1.49486544e+13 1.79273173e+13
  1.83027958e+13 1.81788086e+13 1.33191152e+13 1.61574451e+13
  1.37040754e+13 1.43678514e+13]
 [1.85117329e+13 1.74252049e+13 1.53110794e+13 1.83619575e+13
  1.87465379e+13 1.86195446e+13 1.36420306e+13 1.65491753e+13
  1.40363247e+13 1.47161924e+13]
 [1.37043287e+13 1.28999665e+13 1.13348664e+13 1.35934471e+13
  1.38781541e+13 1.37841418e+13 1.00992641e+13 1.22514359e+13
  1.03911598e+13 1.08944712e+13]
 [2.40853369e+13 2.26716741e+13 1.99210146e+13 2.38904649e+13
  2.43908323e+13 2.42256107e+13 1.77494466e+13 2.15318824e+13
  1.82624477e+13 1.91470190e+13]]

c). The odd rows matrix of the matrix A:
 [[75 75  7 21 15 98 88 90 71 74]
 [79 49 21 37 88 76 13 88 77 26]
 [91 69  8  7 55 65 61  9 32 57]
 [15 46 93 44 69 15 52 15 97 25]
 [31 49 23 73 83 18 19  3 35  9]]

d). The odd integer numbers vector:
 [75 75  7 21 15 71 95 17  7 79 49 21 37 13 77 65 13 41 85 65 91 69  7 55
 65 61  9 57 49 95 79 73 25 55 41 15 93 69 15 15 97 25 43  9  3 29 57 31
 49 23 73 83 19  3 35  9 93 57 39  5 15]

e). The prime numbers vector:
 [ 7 71 17  7 79 37 13 13 41  7 61 79 73 41 97 43  3 29 31 23 73 83 19  3
  5]

f). Matrix D = C * B:
 [[182 184 204  73 263 140  84 172 260 297]
 [155 159 180  70 222 128  73 154 235 252]
 [154 176 228 131 205 196  84 212 340 243]
 [200 230 300 175 265 260 110 280 450 315]
 [267 301 384 213 359 324 143 354 565 423]
 [101 131 192 139 121 188  65 190 315 153]
 [269 289 348 166 374 272 135 310 485 432]
 [306 342 432 234 414 360 162 396 630 486]
 [185 221 300 190 238 272 107 286 465 288]
 [241 259 312 149 335 244 121 278 435 387]]

Reverse element in the odd rows of the matrix D = C@B:
 [[297 260 172  84 140 263  73 204 184 182]
 [155 159 180  70 222 128  73 154 235 252]
 [243 340 212  84 196 205 131 228 176 154]
 [200 230 300 175 265 260 110 280 450 315]
 [423 565 354 143 324 359 213 384 301 267]
 [101 131 192 139 121 188  65 190 315 153]
 [432 485 310 135 272 374 166 348 289 269]
 [306 342 432 234 414 360 162 396 630 486]
 [288 465 286 107 272 238 190 300 221 185]
 [241 259 312 149 335 244 121 278 435 387]]

g). Rows have maximum count of prime numbers:
[31 49 23 73 83 18 19  3 35  9]

h). Rows have longest contiguous odd numbers sequence:
[75 75  7 21 15 98 88 90 71 74]
[91 69  8  7 55 65 61  9 32 57]
[31 49 23 73 83 18 19  3 35  9]