  A = 
  [[20 74 64 46 23 49 26 55 71  7]
  [35 86  1 83 49 37 42 71 39 10] 
  [83 59 16 76 70 30 51 88 62 13] 
  [25 88 89 90  5 19  4 52 26 54] 
  [81 62 55  8 12 94 35 12 59 40] 
  [86 93 29 14 64 56 64 39 44 80]
  [12 64 19 47  9 50 80 66 52 55]
  [46 46 57 41 74 32  4 43  4 64]
  [63 10 35 19 37 41 90 46 22 70]
  [64 58 70 38 95 70 99 77 92 45]]

  B =
  [[ 2 20 16  2 18 10 17 10 15  3]
  [ 7  3  9  1 20 20 11  3 18  8]]

  C =
  [[20  4]
  [20  1]
  [ 9  5]
  [17 13]
  [ 6  3]
  [ 5  9]
  [15 11]
  [ 3 13]
  [15  2]
  [18  9]]

--- --- --- --- --- --- --- --- --- --- --- --- --- --- ---


a). A + A.T + C@B + (B.T)@(C.T) =
 [[176 568 556 240 577 488 529 410 550 262]
 [568 978 584 591 620 477 790 419 673 523]
 [556 584 410 577 510 410 617 415 580 519]
 [240 591 577 274 594 482 524 321 566 292]
 [577 620 510 594 360 548 669 469 550 681]
 [488 477 410 482 548 572 668 438 512 597]
 [529 790 617 524 669 668 912 447 842 692]
 [410 419 415 321 469 438 447 224 485 461]
 [550 673 580 566 550 512 842 485 566 655]
 [262 523 519 292 681 597 692 461 655 342]]

b). A/10 + (A/11)**2 + (A/12)**3 + ... + (A/18)**9 + (A/19)**10 =
 [[1.16121085e+13 1.50998703e+13 9.85058443e+12 1.10932876e+13
  1.01992195e+13 1.09010660e+13 1.11488618e+13 1.28349979e+13
  1.06372597e+13 9.99984066e+12]
 [1.17809477e+13 1.53194255e+13 9.99381697e+12 1.12545908e+13
  1.03475139e+13 1.10595653e+13 1.13109568e+13 1.30216187e+13
  1.07919231e+13 1.01452354e+13]
 [1.42032052e+13 1.84692201e+13 1.20486233e+13 1.35686173e+13
  1.24750463e+13 1.33335059e+13 1.36365904e+13 1.56989674e+13
  1.30108325e+13 1.22311819e+13]
 [1.25530226e+13 1.63233996e+13 1.06487725e+13 1.19921775e+13
  1.10256475e+13 1.17843582e+13 1.20522211e+13 1.38750028e+13
  1.14991783e+13 1.08101078e+13]
 [1.29172751e+13 1.67970472e+13 1.09577567e+13 1.23401274e+13
  1.13455821e+13 1.21263224e+13 1.24019776e+13 1.42776126e+13
  1.18328617e+13 1.11238009e+13]
 [1.59275190e+13 2.07114352e+13 1.35113563e+13 1.52158733e+13
  1.39895578e+13 1.49522442e+13 1.52921364e+13 1.76048700e+13
  1.45903945e+13 1.37160942e+13]
 [1.26415362e+13 1.64384900e+13 1.07238484e+13 1.20767123e+13
  1.11033930e+13 1.18674655e+13 1.21372338e+13 1.39728355e+13
  1.15802699e+13 1.08863445e+13]
 [1.17182093e+13 1.52378393e+13 9.94059094e+12 1.11946442e+13
  1.02924100e+13 1.10006749e+13 1.12507355e+13 1.29522722e+13
  1.07344559e+13 1.00912138e+13]
 [1.23562208e+13 1.60674769e+13 1.04818131e+13 1.18041371e+13
  1.08527930e+13 1.15996270e+13 1.18633106e+13 1.36574725e+13
  1.13189107e+13 1.06406484e+13]
 [1.93049767e+13 2.51033286e+13 1.63764599e+13 1.84424231e+13
  1.69560681e+13 1.81228927e+13 1.85348623e+13 2.13380124e+13
  1.76843125e+13 1.66246155e+13]]

c). The odd rows matrix of the matrix A:
 [[20 74 64 46 23 49 26 55 71  7]
 [83 59 16 76 70 30 51 88 62 13]
 [81 62 55  8 12 94 35 12 59 40]
 [12 64 19 47  9 50 80 66 52 55]
 [63 10 35 19 37 41 90 46 22 70]]

d). The odd integer numbers vector:
 [23 49 55 71  7 35  1 83 49 37 71 39 83 59 51 13 25 89  5 19 81 55 35 59
 93 29 39 19 47  9 55 57 41 43 63 35 19 37 41 95 99 77 45]

e). The prime numbers vector:
 [23 71  7 83 37 71 83 59 13 89  5 19 59 29 19 47 41 43 19 37 41]

f). Matrix D = C * B:
 [[ 68 412 356  44 440 280 384 212 372  92]
 [ 47 403 329  41 380 220 351 203 318  68]
 [ 53 195 189  23 262 190 208 105 225  67]
 [125 379 389  47 566 430 432 209 489 155]
 [ 33 129 123  15 168 120 135  69 144  42]
 [ 73 127 161  19 270 230 184  77 237  87]
 [107 333 339  41 490 370 376 183 423 133]
 [ 97  99 165  19 314 290 194  69 279 113]
 [ 44 306 258  32 310 190 277 156 261  61]
 [ 99 387 369  45 504 360 405 207 432 126]]

Reverse element in the odd rows of the matrix D = C@B:
 [[ 92 372 212 384 280 440  44 356 412  68]
 [ 47 403 329  41 380 220 351 203 318  68]
 [ 67 225 105 208 190 262  23 189 195  53]
 [125 379 389  47 566 430 432 209 489 155]
 [ 42 144  69 135 120 168  15 123 129  33]
 [ 73 127 161  19 270 230 184  77 237  87]
 [133 423 183 376 370 490  41 339 333 107]
 [ 97  99 165  19 314 290 194  69 279 113]
 [ 61 261 156 277 190 310  32 258 306  44]
 [ 99 387 369  45 504 360 405 207 432 126]]

g). Rows have maximum count of prime numbers:
[20 74 64 46 23 49 26 55 71  7]
[35 86  1 83 49 37 42 71 39 10]
[83 59 16 76 70 30 51 88 62 13]
[25 88 89 90  5 19  4 52 26 54]
[63 10 35 19 37 41 90 46 22 70]

h. Rows have longest contiguous odd numbers sequence:
[35 86  1 83 49 37 42 71 39 10]
[63 10 35 19 37 41 90 46 22 70]